sol=[2469.04 -991.341 2.87456;
2469.04 -991.341 2.87456;
2448.35 -985.701 2.87414;
2427.63 -980.133 2.87221;
2406.88 -974.672 2.86766;
2386.11 -969.302 2.85993;
2365.33 -963.979 2.84895;
2344.55 -958.637 2.83486;
2323.8 -953.21 2.81795;
2303.09 -947.621 2.79864;
2282.44 -941.792 2.77762;
2261.89 -935.641 2.75577;
2241.46 -929.097 2.73413;
2221.18 -922.105 2.71371;
2201.07 -914.636 2.69541;
2181.15 -906.687 2.67995;
2161.42 -898.259 2.66795;
2141.87 -889.414 2.65952;
2122.49 -880.214 2.65465;
2103.26 -870.722 2.6532;
2084.13 -861.005 2.6549;
2065.08 -851.136 2.65933;
2046.07 -841.19 2.66584;
2027.07 -831.243 2.67359;
2008.02 -821.365 2.68158;
1988.92 -811.615 2.68883;
1969.72 -802.029 2.69448;
1950.45 -792.615 2.69807;
1931.1 -783.343 2.69967;
1911.72 -774.153 2.70002;
1895.17 -771.87 2.6887;
1876.54 -762.262 2.69732;
1857.97 -752.506 2.71146;
1839.39 -742.799 2.72934;
1820.73 -733.227 2.74961;
1801.98 -723.844 2.77198;
1783.09 -714.751 2.79626;
1764.06 -705.949 2.82205;
1744.88 -697.474 2.84916;
1725.49 -689.489 2.87643;
1705.89 -682.042 2.90147;
1686.02 -675.355 2.92098;
1665.89 -669.482 2.93213;
1645.55 -664.382 2.93354;
1625.1 -659.775 2.92758;
1604.61 -655.322 2.91814;
1584.11 -650.906 2.90617;
1563.62 -646.431 2.89223;
1543.18 -641.759 2.87876;
1522.83 -636.735 2.86839;
1502.57 -631.332 2.86246;
1482.39 -625.64 2.86059;
1458.16 -625.5 2.87414;
1437.44 -619.932 2.87221;
1416.7 -614.47 2.86766;
1395.93 -609.101 2.85993;
1375.14 -603.777 2.84895;
1354.37 -598.436 2.83486;
1333.61 -593.008 2.81795;
1312.9 -587.42 2.79864;
1292.25 -581.59 2.77762;
1271.7 -575.44 2.75577;
1251.27 -568.895 2.73413;
1230.99 -561.903 2.71371;
1210.88 -554.435 2.69541;
1190.96 -546.486 2.67995;
1171.23 -538.057 2.66795;
1151.69 -529.213 2.65952;
1132.31 -520.012 2.65465;
1113.07 -510.52 2.6532;
1093.94 -500.804 2.6549;
1074.89 -490.935 2.65933;
1055.89 -480.989 2.66584;
1036.88 -471.041 2.67359;
1017.84 -461.163 2.68158;
998.727 -451.413 2.68883;
979.535 -441.828 2.69448;
960.259 -432.413 2.69807;
940.913 -423.142 2.69967;
921.529 -413.952 2.70002;
904.985 -411.669 2.6887;
886.347 -402.06 2.69732;
867.787 -392.305 2.71146;
849.2 -382.598 2.72934;
830.544 -373.026 2.74961;
811.793 -363.642 2.77198;
792.899 -354.549 2.79626;
773.867 -345.748 2.82205;
754.689 -337.272 2.84916;
735.301 -329.287 2.87643;
715.701 -321.84 2.90147;
695.83 -315.154 2.92098;
675.703 -309.28 2.93213;
655.366 -304.181 2.93354;
634.91 -299.573 2.92758;
614.42 -295.12 2.91814;
593.922 -290.705 2.90617;
573.436 -286.23 2.89223;
552.996 -281.557 2.87876;
532.638 -276.533 2.86839;
512.378 -271.131 2.86246;
492.198 -265.438 2.86059;
468.482 -265.267 2.87719;
448.374 -259.321 2.88581;
428.314 -253.216 2.89996;
408.238 -247.164 2.91784;
388.119 -241.257 2.93811;
367.941 -235.554 2.96047;
347.678 -230.162 2.98476;
327.335 -225.082 3.01055;
306.908 -220.351 3.03765;
286.367 -216.14 3.06493;
265.719 -212.497 3.08997;
244.947 -209.653 3.10948;
224.076 -207.655 3.12063;
203.143 -206.457 3.12204;
182.187 -205.764 3.11608;
161.225 -205.229 3.10663;
140.262 -204.733 3.09466;
119.301 -204.176 3.08073;
98.347 -203.416 3.06726;
77.409 -202.296 3.05689;
56.4955 -200.785 3.05096;
35.6055 -198.975 3.04909;
17.6181 -194.282 3.06229;
-3.34958 -192.704 3.06068;
-24.3231 -191.205 3.05712;
-45.3019 -189.784 3.05073;
-66.2841 -188.41 3.04256;
-87.2671 -187.051 3.02971;
-108.248 -185.656 3.0154;
-129.22 -184.143 2.99748;
-150.178 -182.452 2.97734;
-171.124 -180.606 2.95527;
-192.029 -178.345 2.93016;
-212.913 -175.914 2.90403;
-233.727 -172.924 2.87519;
-254.485 -169.595 2.84516;
-275.171 -165.823 2.8136;
-295.722 -161.394 2.78036;
-316.218 -156.701 2.74646;
-336.466 -151.03 2.71066;
-356.611 -145.025 2.67439;
-376.525 -138.275 2.63704;
-396.185 -130.841 2.59909;
-415.673 -122.945 2.56074;
-434.691 -113.986 2.52234;
-453.539 -104.68 2.48418;
-471.848 -94.339 2.44721;
-489.818 -83.4435 2.41161;
-507.375 -71.873 2.37769;
-524.328 -59.4488 2.34709;
-541.042 -46.6923 2.31782;
-556.946 -32.9375 2.29385;
-572.594 -18.9029 2.27178;
-587.706 -4.28245 2.25368;
-602.381 10.7695 2.23923;
-616.789 26.0839 2.22701;
-630.657 41.8882 2.2199;
-644.377 57.8202 2.21436;
-657.75 74.0471 2.2127;
-670.957 90.4075 2.21334;
-684.021 106.884 2.21597;
-696.944 123.47 2.22138;
-709.838 140.08 2.22761;
-722.709 156.708 2.2355;
-735.624 173.301 2.24356;
-748.59 189.855 2.25179;
-761.693 206.3 2.25908;
-774.854 222.698 2.26591;
-788.209 238.94 2.27054;
-801.632 255.125 2.27419;
-815.165 271.218 2.27626;
-828.766 287.253 2.27721;
-842.398 303.263 2.27765;
-860.269 315.347 2.2769;
-873.979 331.289 2.27528;
-887.75 347.18 2.27173;
-901.579 363.019 2.26533;
-915.444 378.827 2.25716;
-929.32 394.626 2.24432;
-943.17 410.447 2.23;
-956.929 426.347 2.21208;
-970.553 442.363 2.19194;
-984.059 458.478 2.16987;
-997.242 474.859 2.14476;
-1010.29 491.346 2.11864;
-1022.89 508.177 2.08979;
-1035.22 525.21 2.05976;
-1047.18 542.504 2.0282;
-1058.58 560.167 1.99496;
-1069.75 577.979 1.96106;
-1080.06 596.306 1.92527;
-1090.06 614.797 1.88899;
-1099.37 633.651 1.85165;
-1108.01 652.81 1.8137;
-1116.21 672.173 1.77534;
-1123.32 691.956 1.73695;
-1130.07 711.864 1.69879;
-1135.7 732.122 1.66181;
-1140.71 752.533 1.62621;
-1144.94 773.13 1.59229;
-1148.14 793.902 1.56169;
-1150.94 814.741 1.53242;
-1152.46 835.713 1.50845;
-1153.6 856.702 1.48638;
-1153.95 877.726 1.46828;
-1153.68 898.746 1.45384;
-1153.04 919.763 1.44161;
-1151.67 940.744 1.4345;
-1150.11 961.712 1.42897;
-1148.09 982.642 1.4273;
-1145.86 1003.55 1.42794;
-1143.45 1024.44 1.43057;
-1140.86 1045.3 1.43598;
-1138.23 1066.17 1.44221;
-1135.57 1087.02 1.45011;
-1132.97 1107.89 1.45816;
-1130.43 1128.76 1.4664;
-1128.07 1149.66 1.47369;
-1125.78 1170.56 1.48051;
-1123.74 1191.49 1.48514;
-1121.79 1212.42 1.48879;
-1119.98 1233.37 1.49087;
-1118.26 1254.33 1.49181;
-1116.57 1275.29 1.49226;
-1115.07 1296.12 1.48933;
-1113.5 1317.32 1.48641;
-1111.94 1338.52 1.48349;
-1110.46 1359.72 1.4748;
-1109.01 1380.92 1.46371;
-1107.56 1402.13 1.45262;
-1105.98 1423.32 1.43771;
-1104.21 1444.5 1.41729;
-1102.44 1465.68 1.39687;
-1100.57 1486.85 1.37567;
-1097.81 1507.93 1.34803;
-1095.05 1529 1.32039;
-1092.29 1550.08 1.29274;
-1088.31 1570.94 1.26078;
-1084.01 1591.76 1.22771;
-1079.71 1612.57 1.19463;
-1074.48 1633.15 1.15969;
-1068.22 1653.46 1.12267;
-1061.95 1673.77 1.08565;
-1055.37 1693.96 1.04822;
-1046.87 1713.44 1.00842;
-1038.36 1732.92 0.968612;
-1029.86 1752.4 0.928807;
-1019.46 1770.9 0.887456;
-1008.6 1789.17 0.845738;
-997.738 1807.44 0.80402;
-985.79 1824.96 0.761701;
-972.593 1841.62 0.718693;
-959.395 1858.28 0.675684;
-945.937 1874.71 0.632574;
-930.545 1889.36 0.588707;
-915.154 1904.02 0.54484;
-899.763 1918.68 0.500973;
-882.876 1931.52 0.45667;
-865.539 1943.82 0.412237;
-848.202 1956.11 0.367803;
-830.193 1967.29 0.323215;
-811.242 1976.92 0.278409;
-792.292 1986.54 0.233604;
-773.264 1995.98 0.188783;
-753.096 2002.69 0.143734;
-732.928 2009.39 0.0986854;
-712.759 2016.1 0.0536366;
-692.04 2020.61 0.00847482;
-671.096 2024.23 -0.0367333;
-650.151 2027.84 -0.0819414;
-629.098 2030.32 -0.127187;
-607.848 2030.74 -0.172499;
-586.598 2031.16 -0.217811;
-565.348 2031.58 -0.263124;
-544.278 2028.8 -0.308505;
-523.209 2026 -0.353886;
-502.139 2023.21 -0.399266;
-481.497 2018.39 -0.444676;
-461.093 2012.43 -0.490102;
-440.69 2006.48 -0.535528;
-420.612 1999.66 -0.580962;
-401.347 1990.69 -0.626418;
-382.082 1981.71 -0.671873;
-362.817 1972.73 -0.717328;
-345.027 1961.13 -0.762802;
-327.349 1949.33 -0.808277;
-309.671 1937.53 -0.853752;
-293.138 1924.27 -0.899234;
-277.458 1909.92 -0.944722;
-261.778 1895.58 -0.99021;
-246.61 1880.75 -1.0357;
-233.294 1864.18 -1.0812;
-219.977 1847.62 -1.12669;
-206.66 1831.05 -1.17219;
-195.644 1812.91 -1.21769;
-185.002 1794.51 -1.26319;
-174.359 1776.11 -1.30869;
-165.197 1757.01 -1.3539;
-157.492 1737.2 -1.3988;
-149.788 1717.39 -1.44371;
-142.56 1697.44 -1.48787;
-138.061 1676.66 -1.5277;
-133.563 1655.89 -1.56753;
-129.065 1635.12 -1.60736;
