vis_pos=[-2631.923930404698 779.65060437279 6.110397712177148;
-2496.898291568382 749.6338025608034 6.110397712177148;
-2061.815677540251 614.5581944068631 5.921902152901761;
-1926.790038703934 584.5413925948765 5.921902152901761;
-1521.713122194986 344.4069780989835 5.733406593626373;
-1356.681785839488 -105.8450490808173 5.136503989254313;
-2391.878350251247 -285.9458599527375 2.780309498311967;
-1611.73021475253 494.4909871589166 6.110397712177148;
-1386.687483358669 314.3901762869959 5.733406593626373;
-1221.656147003171 -135.8618508928039 5.136503989254313;
-2256.85271141493 -315.9626617647241 2.780309498311967;
-1041.621961888083 -15.79464364485693 5.544911034350985;
-381.4966164660909 224.3397708510365 0.2356194480942345;
-636.5450453791345 134.2893654150762 5.733406593626373;
-1101.633356926446 149.2977663210695 5.921902152901761;
-906.5963230517664 -45.81144545684401 5.544911034350985;
-501.5194065428168 104.2725636030896 5.733406593626373;
-966.6077180901293 119.2809645090829 5.921902152901761;
-561.5308015811806 -120.8534499868106 5.733406593626373;
-651.5478941387246 29.230559073123 6.110397712177148;
-426.5051627448647 -150.8702517987972 5.733406593626373;
-516.5222553024087 -0.7862427388636206 6.110397712177148;
-81.43964127427716 -135.8618508928039 5.921902152901761;
-186.459582591413 -0.7862427388636206 0.01570796227294897;
-636.5450453791345 134.2893654150762 5.733406593626373;
-516.5222553024087 59.24736088510963 5.733406593626373;
-156.4538850722311 -225.9122563287638 5.544911034350985;
-216.4652801105931 -60.81984636283732 5.921902152901761;
53.58599756203876 -165.8786527047905 5.921902152901761;
-96.44249003386903 -135.8618508928039 5.921902152901761;
-501.5194065428168 104.2725636030896 5.733406593626373;
-381.4966164660909 29.230559073123 5.733406593626373;
-21.42824623591514 -255.9290581407504 5.544911034350985;
-81.43964127427716 -90.83664817482395 5.921902152901761;
98.59454384081073 -330.9710626707174 5.544911034350985;
38.5831488024487 -165.8786527047905 5.921902152901761;
323.6372752346724 -330.9710626707174 5.733406593626373;
233.6201826771266 -180.8870536107838 6.110397712177148;
368.6458215134444 -255.9290581407504 6.110397712177148;
353.6429727538525 -255.9290581407504 6.110397712177148;
458.6629140709883 -360.987864482704 5.733406593626373;
368.6458215134444 -210.9038554227704 6.110397712177148;
503.6714603497603 -285.9458599527375 6.110397712177148;
488.6686115901703 -285.9458599527375 6.110397712177148;
938.75407437789 -421.0214681066773 5.921902152901761;
923.7512256182999 -421.0214681066773 5.921902152901761;
1073.779713214208 -451.0382699186639 5.921902152901761;
1058.776864454616 -451.0382699186639 5.921902152901761;
953.7569231374819 -315.9626617647241 0.01570796227294897;
1478.856629723155 -691.1726844145574 5.733406593626373;
1388.839537165612 -541.0886753546242 6.110397712177148;
1463.853780963565 -691.1726844145574 5.733406593626373;
1373.836688406021 -541.0886753546242 6.110397712177148;
1613.882268559473 -721.189486226544 5.733406593626373;
1523.865176001927 -571.1054771666109 6.110397712177148;
1598.879419799881 -721.189486226544 5.733406593626373;
1508.862327242337 -571.1054771666109 6.110397712177148;
];